{
 "cells": [
  {
   "cell_type": "markdown",
   "metadata": {},
   "source": [
    "# Week 6 Session :: PCA"
   ]
  },
  {
   "cell_type": "markdown",
   "metadata": {},
   "source": [
    "### 손지우"
   ]
  },
  {
   "cell_type": "code",
   "execution_count": 42,
   "metadata": {},
   "outputs": [],
   "source": [
    "import pandas as pd\n",
    "import numpy as np\n",
    "import matplotlib.pyplot as plt\n",
    "import seaborn as sns\n",
    "from sklearn.model_selection import train_test_split\n",
    "from sklearn.linear_model import LogisticRegression\n",
    "from sklearn.decomposition import PCA, FactorAnalysis\n",
    "from sklearn.preprocessing import StandardScaler"
   ]
  },
  {
   "cell_type": "code",
   "execution_count": 43,
   "metadata": {},
   "outputs": [
    {
     "data": {
      "text/html": [
       "<div>\n",
       "<style scoped>\n",
       "    .dataframe tbody tr th:only-of-type {\n",
       "        vertical-align: middle;\n",
       "    }\n",
       "\n",
       "    .dataframe tbody tr th {\n",
       "        vertical-align: top;\n",
       "    }\n",
       "\n",
       "    .dataframe thead th {\n",
       "        text-align: right;\n",
       "    }\n",
       "</style>\n",
       "<table border=\"1\" class=\"dataframe\">\n",
       "  <thead>\n",
       "    <tr style=\"text-align: right;\">\n",
       "      <th></th>\n",
       "      <th>Class</th>\n",
       "      <th>Alcohol</th>\n",
       "      <th>Malic acid</th>\n",
       "      <th>Ash</th>\n",
       "      <th>Alcalinity of ash</th>\n",
       "      <th>Magnesium</th>\n",
       "      <th>Total phenols</th>\n",
       "      <th>Flavanoids</th>\n",
       "      <th>Nonflavanoid phenols</th>\n",
       "      <th>Proanthocyanins</th>\n",
       "      <th>Color intensity</th>\n",
       "      <th>Hue</th>\n",
       "      <th>OD280/OD315 of diluted wines</th>\n",
       "      <th>Proline</th>\n",
       "    </tr>\n",
       "  </thead>\n",
       "  <tbody>\n",
       "    <tr>\n",
       "      <td>0</td>\n",
       "      <td>1</td>\n",
       "      <td>14.23</td>\n",
       "      <td>1.71</td>\n",
       "      <td>2.43</td>\n",
       "      <td>15.6</td>\n",
       "      <td>127</td>\n",
       "      <td>2.80</td>\n",
       "      <td>3.06</td>\n",
       "      <td>0.28</td>\n",
       "      <td>2.29</td>\n",
       "      <td>5.64</td>\n",
       "      <td>1.04</td>\n",
       "      <td>3.92</td>\n",
       "      <td>1065</td>\n",
       "    </tr>\n",
       "    <tr>\n",
       "      <td>1</td>\n",
       "      <td>1</td>\n",
       "      <td>13.20</td>\n",
       "      <td>1.78</td>\n",
       "      <td>2.14</td>\n",
       "      <td>11.2</td>\n",
       "      <td>100</td>\n",
       "      <td>2.65</td>\n",
       "      <td>2.76</td>\n",
       "      <td>0.26</td>\n",
       "      <td>1.28</td>\n",
       "      <td>4.38</td>\n",
       "      <td>1.05</td>\n",
       "      <td>3.40</td>\n",
       "      <td>1050</td>\n",
       "    </tr>\n",
       "    <tr>\n",
       "      <td>2</td>\n",
       "      <td>1</td>\n",
       "      <td>13.16</td>\n",
       "      <td>2.36</td>\n",
       "      <td>2.67</td>\n",
       "      <td>18.6</td>\n",
       "      <td>101</td>\n",
       "      <td>2.80</td>\n",
       "      <td>3.24</td>\n",
       "      <td>0.30</td>\n",
       "      <td>2.81</td>\n",
       "      <td>5.68</td>\n",
       "      <td>1.03</td>\n",
       "      <td>3.17</td>\n",
       "      <td>1185</td>\n",
       "    </tr>\n",
       "    <tr>\n",
       "      <td>3</td>\n",
       "      <td>1</td>\n",
       "      <td>14.37</td>\n",
       "      <td>1.95</td>\n",
       "      <td>2.50</td>\n",
       "      <td>16.8</td>\n",
       "      <td>113</td>\n",
       "      <td>3.85</td>\n",
       "      <td>3.49</td>\n",
       "      <td>0.24</td>\n",
       "      <td>2.18</td>\n",
       "      <td>7.80</td>\n",
       "      <td>0.86</td>\n",
       "      <td>3.45</td>\n",
       "      <td>1480</td>\n",
       "    </tr>\n",
       "    <tr>\n",
       "      <td>4</td>\n",
       "      <td>1</td>\n",
       "      <td>13.24</td>\n",
       "      <td>2.59</td>\n",
       "      <td>2.87</td>\n",
       "      <td>21.0</td>\n",
       "      <td>118</td>\n",
       "      <td>2.80</td>\n",
       "      <td>2.69</td>\n",
       "      <td>0.39</td>\n",
       "      <td>1.82</td>\n",
       "      <td>4.32</td>\n",
       "      <td>1.04</td>\n",
       "      <td>2.93</td>\n",
       "      <td>735</td>\n",
       "    </tr>\n",
       "  </tbody>\n",
       "</table>\n",
       "</div>"
      ],
      "text/plain": [
       "   Class  Alcohol  Malic acid   Ash  Alcalinity of ash  Magnesium  \\\n",
       "0      1    14.23        1.71  2.43               15.6        127   \n",
       "1      1    13.20        1.78  2.14               11.2        100   \n",
       "2      1    13.16        2.36  2.67               18.6        101   \n",
       "3      1    14.37        1.95  2.50               16.8        113   \n",
       "4      1    13.24        2.59  2.87               21.0        118   \n",
       "\n",
       "   Total phenols  Flavanoids  Nonflavanoid phenols  Proanthocyanins  \\\n",
       "0           2.80        3.06                  0.28             2.29   \n",
       "1           2.65        2.76                  0.26             1.28   \n",
       "2           2.80        3.24                  0.30             2.81   \n",
       "3           3.85        3.49                  0.24             2.18   \n",
       "4           2.80        2.69                  0.39             1.82   \n",
       "\n",
       "   Color intensity   Hue  OD280/OD315 of diluted wines  Proline  \n",
       "0             5.64  1.04                          3.92     1065  \n",
       "1             4.38  1.05                          3.40     1050  \n",
       "2             5.68  1.03                          3.17     1185  \n",
       "3             7.80  0.86                          3.45     1480  \n",
       "4             4.32  1.04                          2.93      735  "
      ]
     },
     "execution_count": 43,
     "metadata": {},
     "output_type": "execute_result"
    }
   ],
   "source": [
    "wine = pd.read_csv('Wine.csv', header = None)\n",
    "wine.columns = ['Class', 'Alcohol', 'Malic acid','Ash', 'Alcalinity of ash',\n",
    "                'Magnesium', 'Total phenols', 'Flavanoids','Nonflavanoid phenols',\n",
    "                'Proanthocyanins', 'Color intensity', 'Hue',\n",
    "                'OD280/OD315 of diluted wines', 'Proline']\n",
    "\n",
    "wine.head()"
   ]
  },
  {
   "cell_type": "markdown",
   "metadata": {},
   "source": [
    "## PCA, FA 적용 전"
   ]
  },
  {
   "cell_type": "code",
   "execution_count": 44,
   "metadata": {},
   "outputs": [],
   "source": [
    "X, y = wine.iloc[:, 1:].values, wine.iloc[:, 0].values\n",
    "X_train, X_test, y_train, y_test = train_test_split(X, y, test_size = 0.4, random_state = 42)"
   ]
  },
  {
   "cell_type": "code",
   "execution_count": 45,
   "metadata": {},
   "outputs": [
    {
     "data": {
      "text/plain": [
       "0.9583333333333334"
      ]
     },
     "execution_count": 45,
     "metadata": {},
     "output_type": "execute_result"
    }
   ],
   "source": [
    "log_reg = LogisticRegression(multi_class = \"ovr\", solver = \"lbfgs\", max_iter = 5000, random_state = 42)\n",
    "log_reg.fit(X_train, y_train)\n",
    "\n",
    "log_reg.score(X_test, y_test)"
   ]
  },
  {
   "cell_type": "markdown",
   "metadata": {},
   "source": [
    "적용 전 분류모델 성능: 약 95.8%"
   ]
  },
  {
   "cell_type": "markdown",
   "metadata": {},
   "source": [
    "## PCA 적용 후"
   ]
  },
  {
   "cell_type": "code",
   "execution_count": 46,
   "metadata": {},
   "outputs": [
    {
     "data": {
      "text/html": [
       "<div>\n",
       "<style scoped>\n",
       "    .dataframe tbody tr th:only-of-type {\n",
       "        vertical-align: middle;\n",
       "    }\n",
       "\n",
       "    .dataframe tbody tr th {\n",
       "        vertical-align: top;\n",
       "    }\n",
       "\n",
       "    .dataframe thead th {\n",
       "        text-align: right;\n",
       "    }\n",
       "</style>\n",
       "<table border=\"1\" class=\"dataframe\">\n",
       "  <thead>\n",
       "    <tr style=\"text-align: right;\">\n",
       "      <th></th>\n",
       "      <th>Alcohol</th>\n",
       "      <th>Malic acid</th>\n",
       "      <th>Ash</th>\n",
       "      <th>Alcalinity of ash</th>\n",
       "      <th>Magnesium</th>\n",
       "      <th>Total phenols</th>\n",
       "      <th>Flavanoids</th>\n",
       "      <th>Nonflavanoid phenols</th>\n",
       "      <th>Proanthocyanins</th>\n",
       "      <th>Color intensity</th>\n",
       "      <th>Hue</th>\n",
       "      <th>OD280/OD315 of diluted wines</th>\n",
       "      <th>Proline</th>\n",
       "    </tr>\n",
       "  </thead>\n",
       "  <tbody>\n",
       "    <tr>\n",
       "      <td>0</td>\n",
       "      <td>1.518613</td>\n",
       "      <td>-0.562250</td>\n",
       "      <td>0.232053</td>\n",
       "      <td>-1.169593</td>\n",
       "      <td>1.913905</td>\n",
       "      <td>0.808997</td>\n",
       "      <td>1.034819</td>\n",
       "      <td>-0.659563</td>\n",
       "      <td>1.224884</td>\n",
       "      <td>0.251717</td>\n",
       "      <td>0.362177</td>\n",
       "      <td>1.847920</td>\n",
       "      <td>1.013009</td>\n",
       "    </tr>\n",
       "    <tr>\n",
       "      <td>1</td>\n",
       "      <td>0.246290</td>\n",
       "      <td>-0.499413</td>\n",
       "      <td>-0.827996</td>\n",
       "      <td>-2.490847</td>\n",
       "      <td>0.018145</td>\n",
       "      <td>0.568648</td>\n",
       "      <td>0.733629</td>\n",
       "      <td>-0.820719</td>\n",
       "      <td>-0.544721</td>\n",
       "      <td>-0.293321</td>\n",
       "      <td>0.406051</td>\n",
       "      <td>1.113449</td>\n",
       "      <td>0.965242</td>\n",
       "    </tr>\n",
       "    <tr>\n",
       "      <td>2</td>\n",
       "      <td>0.196879</td>\n",
       "      <td>0.021231</td>\n",
       "      <td>1.109334</td>\n",
       "      <td>-0.268738</td>\n",
       "      <td>0.088358</td>\n",
       "      <td>0.808997</td>\n",
       "      <td>1.215533</td>\n",
       "      <td>-0.498407</td>\n",
       "      <td>2.135968</td>\n",
       "      <td>0.269020</td>\n",
       "      <td>0.318304</td>\n",
       "      <td>0.788587</td>\n",
       "      <td>1.395148</td>\n",
       "    </tr>\n",
       "    <tr>\n",
       "      <td>3</td>\n",
       "      <td>1.691550</td>\n",
       "      <td>-0.346811</td>\n",
       "      <td>0.487926</td>\n",
       "      <td>-0.809251</td>\n",
       "      <td>0.930918</td>\n",
       "      <td>2.491446</td>\n",
       "      <td>1.466525</td>\n",
       "      <td>-0.981875</td>\n",
       "      <td>1.032155</td>\n",
       "      <td>1.186068</td>\n",
       "      <td>-0.427544</td>\n",
       "      <td>1.184071</td>\n",
       "      <td>2.334574</td>\n",
       "    </tr>\n",
       "    <tr>\n",
       "      <td>4</td>\n",
       "      <td>0.295700</td>\n",
       "      <td>0.227694</td>\n",
       "      <td>1.840403</td>\n",
       "      <td>0.451946</td>\n",
       "      <td>1.281985</td>\n",
       "      <td>0.808997</td>\n",
       "      <td>0.663351</td>\n",
       "      <td>0.226796</td>\n",
       "      <td>0.401404</td>\n",
       "      <td>-0.319276</td>\n",
       "      <td>0.362177</td>\n",
       "      <td>0.449601</td>\n",
       "      <td>-0.037874</td>\n",
       "    </tr>\n",
       "  </tbody>\n",
       "</table>\n",
       "</div>"
      ],
      "text/plain": [
       "    Alcohol  Malic acid       Ash  Alcalinity of ash  Magnesium  \\\n",
       "0  1.518613   -0.562250  0.232053          -1.169593   1.913905   \n",
       "1  0.246290   -0.499413 -0.827996          -2.490847   0.018145   \n",
       "2  0.196879    0.021231  1.109334          -0.268738   0.088358   \n",
       "3  1.691550   -0.346811  0.487926          -0.809251   0.930918   \n",
       "4  0.295700    0.227694  1.840403           0.451946   1.281985   \n",
       "\n",
       "   Total phenols  Flavanoids  Nonflavanoid phenols  Proanthocyanins  \\\n",
       "0       0.808997    1.034819             -0.659563         1.224884   \n",
       "1       0.568648    0.733629             -0.820719        -0.544721   \n",
       "2       0.808997    1.215533             -0.498407         2.135968   \n",
       "3       2.491446    1.466525             -0.981875         1.032155   \n",
       "4       0.808997    0.663351              0.226796         0.401404   \n",
       "\n",
       "   Color intensity       Hue  OD280/OD315 of diluted wines   Proline  \n",
       "0         0.251717  0.362177                      1.847920  1.013009  \n",
       "1        -0.293321  0.406051                      1.113449  0.965242  \n",
       "2         0.269020  0.318304                      0.788587  1.395148  \n",
       "3         1.186068 -0.427544                      1.184071  2.334574  \n",
       "4        -0.319276  0.362177                      0.449601 -0.037874  "
      ]
     },
     "execution_count": 46,
     "metadata": {},
     "output_type": "execute_result"
    }
   ],
   "source": [
    "X, y = wine.iloc[:, 1:].values, wine.iloc[:, 0].values\n",
    "\n",
    "X = StandardScaler().fit_transform(X)\n",
    "features = ['Alcohol', 'Malic acid','Ash', 'Alcalinity of ash',\n",
    "            'Magnesium', 'Total phenols', 'Flavanoids','Nonflavanoid phenols',\n",
    "            'Proanthocyanins', 'Color intensity', 'Hue',\n",
    "            'OD280/OD315 of diluted wines', 'Proline']\n",
    "\n",
    "pd.DataFrame(data = X, columns = features).head()"
   ]
  },
  {
   "cell_type": "code",
   "execution_count": 47,
   "metadata": {},
   "outputs": [
    {
     "data": {
      "text/plain": [
       "array([[ 1.00564972,  0.09493026,  0.21273976, -0.31198788,  0.27232816,\n",
       "         0.29073446,  0.23815287, -0.15681042,  0.13747022,  0.549451  ,\n",
       "        -0.07215255,  0.07275191,  0.64735687],\n",
       "       [ 0.09493026,  1.00564972,  0.16497228,  0.29013035, -0.05488343,\n",
       "        -0.3370606 , -0.41332866,  0.29463237, -0.22199334,  0.25039204,\n",
       "        -0.56446685, -0.37079354, -0.19309537],\n",
       "       [ 0.21273976,  0.16497228,  1.00564972,  0.44587209,  0.28820583,\n",
       "         0.12970824,  0.11572743,  0.1872826 ,  0.00970647,  0.2603499 ,\n",
       "        -0.07508874,  0.00393333,  0.22488969],\n",
       "       [-0.31198788,  0.29013035,  0.44587209,  1.00564972, -0.0838039 ,\n",
       "        -0.32292752, -0.353355  ,  0.36396647, -0.19844168,  0.01883781,\n",
       "        -0.27550299, -0.27833221, -0.44308618],\n",
       "       [ 0.27232816, -0.05488343,  0.28820583, -0.0838039 ,  1.00564972,\n",
       "         0.21561254,  0.19688989, -0.25774204,  0.23777643,  0.20107967,\n",
       "         0.05571118,  0.06637684,  0.39557317],\n",
       "       [ 0.29073446, -0.3370606 ,  0.12970824, -0.32292752,  0.21561254,\n",
       "         1.00564972,  0.86944804, -0.45247731,  0.61587304, -0.05544792,\n",
       "         0.43613151,  0.70390388,  0.50092909],\n",
       "       [ 0.23815287, -0.41332866,  0.11572743, -0.353355  ,  0.19688989,\n",
       "         0.86944804,  1.00564972, -0.54093859,  0.65637929, -0.17335329,\n",
       "         0.54654907,  0.79164133,  0.49698518],\n",
       "       [-0.15681042,  0.29463237,  0.1872826 ,  0.36396647, -0.25774204,\n",
       "        -0.45247731, -0.54093859,  1.00564972, -0.36791202,  0.13984265,\n",
       "        -0.26412347, -0.50611293, -0.31314443],\n",
       "       [ 0.13747022, -0.22199334,  0.00970647, -0.19844168,  0.23777643,\n",
       "         0.61587304,  0.65637929, -0.36791202,  1.00564972, -0.02539259,\n",
       "         0.29721399,  0.52199968,  0.33228346],\n",
       "       [ 0.549451  ,  0.25039204,  0.2603499 ,  0.01883781,  0.20107967,\n",
       "        -0.05544792, -0.17335329,  0.13984265, -0.02539259,  1.00564972,\n",
       "        -0.52476129, -0.43123763,  0.31788599],\n",
       "       [-0.07215255, -0.56446685, -0.07508874, -0.27550299,  0.05571118,\n",
       "         0.43613151,  0.54654907, -0.26412347,  0.29721399, -0.52476129,\n",
       "         1.00564972,  0.56866303,  0.23751782],\n",
       "       [ 0.07275191, -0.37079354,  0.00393333, -0.27833221,  0.06637684,\n",
       "         0.70390388,  0.79164133, -0.50611293,  0.52199968, -0.43123763,\n",
       "         0.56866303,  1.00564972,  0.31452809],\n",
       "       [ 0.64735687, -0.19309537,  0.22488969, -0.44308618,  0.39557317,\n",
       "         0.50092909,  0.49698518, -0.31314443,  0.33228346,  0.31788599,\n",
       "         0.23751782,  0.31452809,  1.00564972]])"
      ]
     },
     "execution_count": 47,
     "metadata": {},
     "output_type": "execute_result"
    }
   ],
   "source": [
    "covariance_matrix = np.cov(X.T)\n",
    "\n",
    "covariance_matrix"
   ]
  },
  {
   "cell_type": "code",
   "execution_count": 48,
   "metadata": {},
   "outputs": [
    {
     "data": {
      "text/plain": [
       "(array([4.73243698, 2.51108093, 1.45424187, 0.92416587, 0.85804868,\n",
       "        0.64528221, 0.55414147, 0.10396199, 0.35046627, 0.16972374,\n",
       "        0.29051203, 0.22706428, 0.25232001]),\n",
       " array([[-0.1443294 ,  0.48365155,  0.20738262, -0.0178563 , -0.26566365,\n",
       "          0.21353865,  0.05639636, -0.01496997,  0.39613926, -0.26628645,\n",
       "         -0.50861912, -0.22591696,  0.21160473],\n",
       "        [ 0.24518758,  0.22493093, -0.08901289,  0.53689028,  0.03521363,\n",
       "          0.53681385, -0.42052391, -0.02596375,  0.06582674,  0.12169604,\n",
       "          0.07528304,  0.07648554, -0.30907994],\n",
       "        [ 0.00205106,  0.31606881, -0.6262239 , -0.21417556, -0.14302547,\n",
       "          0.15447466,  0.14917061,  0.14121803, -0.17026002, -0.04962237,\n",
       "          0.30769445, -0.49869142, -0.02712539],\n",
       "        [ 0.23932041, -0.0105905 , -0.61208035,  0.06085941,  0.06610294,\n",
       "         -0.10082451,  0.28696914, -0.09168285,  0.42797018, -0.05574287,\n",
       "         -0.20044931,  0.47931378,  0.05279942],\n",
       "        [-0.14199204,  0.299634  , -0.13075693, -0.35179658,  0.72704851,\n",
       "          0.03814394, -0.3228833 , -0.05677422, -0.15636143,  0.06222011,\n",
       "         -0.27140257,  0.07128891,  0.06787022],\n",
       "        [-0.39466085,  0.06503951, -0.14617896,  0.19806835, -0.14931841,\n",
       "         -0.0841223 ,  0.02792498,  0.46390791, -0.40593409, -0.30388245,\n",
       "         -0.28603452,  0.30434119, -0.32013135],\n",
       "        [-0.4229343 , -0.00335981, -0.1506819 ,  0.15229479, -0.10902584,\n",
       "         -0.01892002,  0.06068521, -0.83225706, -0.18724536, -0.04289883,\n",
       "         -0.04957849, -0.02569409, -0.16315051],\n",
       "        [ 0.2985331 ,  0.02877949, -0.17036816, -0.20330102, -0.50070298,\n",
       "         -0.25859401, -0.59544729, -0.11403985, -0.23328465,  0.04235219,\n",
       "         -0.19550132,  0.11689586,  0.21553507],\n",
       "        [-0.31342949,  0.03930172, -0.14945431,  0.39905653,  0.13685982,\n",
       "         -0.53379539, -0.37213935,  0.11691707,  0.36822675, -0.09555303,\n",
       "          0.20914487, -0.23736257,  0.1341839 ],\n",
       "        [ 0.0886167 ,  0.52999567,  0.13730621,  0.06592568, -0.07643678,\n",
       "         -0.41864414,  0.22771214,  0.0119928 , -0.03379692,  0.60422163,\n",
       "         -0.05621752,  0.0318388 , -0.29077518],\n",
       "        [-0.29671456, -0.27923515, -0.08522192, -0.42777141, -0.17361452,\n",
       "          0.10598274, -0.23207564,  0.08988884,  0.43662362,  0.259214  ,\n",
       "         -0.08582839, -0.04821201, -0.52239889],\n",
       "        [-0.37616741, -0.16449619, -0.16600459,  0.18412074, -0.10116099,\n",
       "          0.26585107,  0.0447637 ,  0.15671813, -0.07810789,  0.60095872,\n",
       "         -0.1372269 ,  0.0464233 ,  0.52370587],\n",
       "        [-0.28675223,  0.36490283,  0.12674592, -0.23207086, -0.1578688 ,\n",
       "          0.11972557, -0.0768045 , -0.01444734,  0.12002267, -0.07940162,\n",
       "          0.57578611,  0.53926983,  0.162116  ]]))"
      ]
     },
     "execution_count": 48,
     "metadata": {},
     "output_type": "execute_result"
    }
   ],
   "source": [
    "eig_vals, eig_vecs = np.linalg.eig(covariance_matrix)\n",
    "\n",
    "eig_vals, eig_vecs"
   ]
  },
  {
   "cell_type": "markdown",
   "metadata": {},
   "source": [
    "주성분 2개로 정하자"
   ]
  },
  {
   "cell_type": "code",
   "execution_count": 49,
   "metadata": {
    "scrolled": true
   },
   "outputs": [
    {
     "data": {
      "text/html": [
       "<div>\n",
       "<style scoped>\n",
       "    .dataframe tbody tr th:only-of-type {\n",
       "        vertical-align: middle;\n",
       "    }\n",
       "\n",
       "    .dataframe tbody tr th {\n",
       "        vertical-align: top;\n",
       "    }\n",
       "\n",
       "    .dataframe thead th {\n",
       "        text-align: right;\n",
       "    }\n",
       "</style>\n",
       "<table border=\"1\" class=\"dataframe\">\n",
       "  <thead>\n",
       "    <tr style=\"text-align: right;\">\n",
       "      <th></th>\n",
       "      <th>Principal Component 1</th>\n",
       "      <th>Principal Component 2</th>\n",
       "    </tr>\n",
       "  </thead>\n",
       "  <tbody>\n",
       "    <tr>\n",
       "      <td>0</td>\n",
       "      <td>3.316751</td>\n",
       "      <td>-1.443463</td>\n",
       "    </tr>\n",
       "    <tr>\n",
       "      <td>1</td>\n",
       "      <td>2.209465</td>\n",
       "      <td>0.333393</td>\n",
       "    </tr>\n",
       "    <tr>\n",
       "      <td>2</td>\n",
       "      <td>2.516740</td>\n",
       "      <td>-1.031151</td>\n",
       "    </tr>\n",
       "    <tr>\n",
       "      <td>3</td>\n",
       "      <td>3.757066</td>\n",
       "      <td>-2.756372</td>\n",
       "    </tr>\n",
       "    <tr>\n",
       "      <td>4</td>\n",
       "      <td>1.008908</td>\n",
       "      <td>-0.869831</td>\n",
       "    </tr>\n",
       "  </tbody>\n",
       "</table>\n",
       "</div>"
      ],
      "text/plain": [
       "   Principal Component 1  Principal Component 2\n",
       "0               3.316751              -1.443463\n",
       "1               2.209465               0.333393\n",
       "2               2.516740              -1.031151\n",
       "3               3.757066              -2.756372\n",
       "4               1.008908              -0.869831"
      ]
     },
     "execution_count": 49,
     "metadata": {},
     "output_type": "execute_result"
    }
   ],
   "source": [
    "pca = PCA(n_components = 2)\n",
    "X_pca = pca.fit_transform(X)\n",
    "\n",
    "wine_pca = pd.DataFrame(data = X_pca, columns = ['Principal Component 1', 'Principal Component 2'])\n",
    "wine_pca.head()"
   ]
  },
  {
   "cell_type": "code",
   "execution_count": 50,
   "metadata": {},
   "outputs": [
    {
     "data": {
      "text/plain": [
       "0.9722222222222222"
      ]
     },
     "execution_count": 50,
     "metadata": {},
     "output_type": "execute_result"
    }
   ],
   "source": [
    "X_train, X_test, y_train, y_test = train_test_split(X_pca, wine['Class'].values, test_size = 0.4, random_state = 42)\n",
    "log_reg.fit(X_train, y_train)\n",
    "\n",
    "log_reg.score(X_test, y_test)"
   ]
  },
  {
   "cell_type": "markdown",
   "metadata": {},
   "source": [
    "PCA 적용 후 분류모델 성능: 약 97.2%"
   ]
  },
  {
   "cell_type": "code",
   "execution_count": 51,
   "metadata": {},
   "outputs": [
    {
     "data": {
      "text/html": [
       "<div>\n",
       "<style scoped>\n",
       "    .dataframe tbody tr th:only-of-type {\n",
       "        vertical-align: middle;\n",
       "    }\n",
       "\n",
       "    .dataframe tbody tr th {\n",
       "        vertical-align: top;\n",
       "    }\n",
       "\n",
       "    .dataframe thead th {\n",
       "        text-align: right;\n",
       "    }\n",
       "</style>\n",
       "<table border=\"1\" class=\"dataframe\">\n",
       "  <thead>\n",
       "    <tr style=\"text-align: right;\">\n",
       "      <th></th>\n",
       "      <th>Principal Component 1</th>\n",
       "      <th>Principal Component 2</th>\n",
       "      <th>Class</th>\n",
       "    </tr>\n",
       "  </thead>\n",
       "  <tbody>\n",
       "    <tr>\n",
       "      <td>0</td>\n",
       "      <td>3.316751</td>\n",
       "      <td>-1.443463</td>\n",
       "      <td>1</td>\n",
       "    </tr>\n",
       "    <tr>\n",
       "      <td>1</td>\n",
       "      <td>2.209465</td>\n",
       "      <td>0.333393</td>\n",
       "      <td>1</td>\n",
       "    </tr>\n",
       "    <tr>\n",
       "      <td>2</td>\n",
       "      <td>2.516740</td>\n",
       "      <td>-1.031151</td>\n",
       "      <td>1</td>\n",
       "    </tr>\n",
       "    <tr>\n",
       "      <td>3</td>\n",
       "      <td>3.757066</td>\n",
       "      <td>-2.756372</td>\n",
       "      <td>1</td>\n",
       "    </tr>\n",
       "    <tr>\n",
       "      <td>4</td>\n",
       "      <td>1.008908</td>\n",
       "      <td>-0.869831</td>\n",
       "      <td>1</td>\n",
       "    </tr>\n",
       "  </tbody>\n",
       "</table>\n",
       "</div>"
      ],
      "text/plain": [
       "   Principal Component 1  Principal Component 2  Class\n",
       "0               3.316751              -1.443463      1\n",
       "1               2.209465               0.333393      1\n",
       "2               2.516740              -1.031151      1\n",
       "3               3.757066              -2.756372      1\n",
       "4               1.008908              -0.869831      1"
      ]
     },
     "execution_count": 51,
     "metadata": {},
     "output_type": "execute_result"
    }
   ],
   "source": [
    "wine_pca = pd.concat([wine_pca, wine[['Class']]], axis=1)\n",
    "wine_pca.head()"
   ]
  },
  {
   "cell_type": "markdown",
   "metadata": {},
   "source": [
    "### 시각화"
   ]
  },
  {
   "cell_type": "code",
   "execution_count": 52,
   "metadata": {},
   "outputs": [
    {
     "data": {
      "text/plain": [
       "<matplotlib.axes._subplots.AxesSubplot at 0x1b5d263d748>"
      ]
     },
     "execution_count": 52,
     "metadata": {},
     "output_type": "execute_result"
    },
    {
     "data": {
